1.951370 0.005059 -0.101839 0.006190
1.911654 0.014911 -0.085270 0.006190
1.872007 0.025036 -0.074857 0.006190
1.832395 0.035303 -0.067485 0.006190
1.792805 0.045650 -0.061674 0.006190
1.753227 0.056045 -0.057054 0.006190
1.713653 0.066457 -0.053209 0.006190
1.674079 0.076867 -0.049914 0.006190
1.634498 0.087252 -0.047012 0.006190
1.594908 0.097601 -0.044501 0.006190
1.555305 0.107900 -0.042186 0.006190
1.515686 0.118142 -0.040181 0.006190
1.476049 0.128310 -0.038245 0.006190
1.436393 0.138408 -0.036628 0.006190
1.396713 0.148410 -0.034896 0.006190
1.357012 0.158329 -0.033614 0.006190
1.317284 0.168136 -0.031987 0.006190
1.277526 0.177823 -0.030901 0.006190
1.237746 0.187417 -0.029561 0.006190
1.197932 0.196868 -0.028437 0.006190
1.158097 0.206236 -0.027489 0.006190
1.118225 0.215438 -0.026138 0.006190
1.078320 0.224500 -0.025455 0.006190
1.038390 0.233446 -0.024291 0.006190
0.998418 0.242204 -0.023422 0.006190
0.958429 0.250888 -0.022828 0.006190
0.918396 0.259365 -0.021429 0.006190
0.878321 0.267639 -0.021004 0.006190
0.838229 0.275832 -0.020190 0.006190
0.798091 0.283797 -0.019157 0.006190
0.757924 0.291615 -0.018807 0.006190
0.717727 0.299276 -0.017751 0.006190
0.677484 0.306689 -0.017073 0.006190
0.637223 0.314012 -0.016788 0.006190
0.596922 0.321103 -0.015468 0.006190
0.556575 0.327927 -0.015129 0.006190
0.516218 0.334697 -0.014820 0.006190
0.475815 0.341181 -0.013400 0.006190
0.435370 0.347398 -0.013289 0.006190
0.394913 0.353542 -0.012796 0.006190
0.354412 0.359382 -0.011599 0.006190
0.313877 0.364991 -0.011533 0.006190
0.273325 0.370473 -0.010840 0.006190
0.232732 0.375633 -0.009869 0.006190
0.192113 0.380598 -0.009847 0.006190
0.151473 0.385378 -0.008928 0.006190
0.110794 0.389819 -0.008197 0.006190
0.070099 0.394106 -0.008216 0.006190
0.029378 0.398145 -0.007036 0.006190
-0.011376 0.401829 -0.006571 0.006190
-0.052141 0.405403 -0.006631 0.006190
-0.092930 0.408659 -0.005139 0.006190
-0.133749 0.411543 -0.004984 0.006190
-0.174573 0.414361 -0.005033 0.006190
-0.215419 0.416790 -0.003272 0.006190
-0.256289 0.418840 -0.003429 0.006190
-0.297163 0.420798 -0.003115 0.006190
-0.338054 0.422351 -0.001717 0.006190
-0.378956 0.423592 -0.001908 0.006190
-0.419863 0.424639 -0.001123 0.006190
-0.460778 0.425264 -0.000192 0.006190
-0.501697 0.425663 -0.000424 0.006190
-0.542616 0.425742 0.000965 0.006190
-0.583535 0.425383 0.001300 0.006190
-0.624453 0.424885 0.001140 0.006190
-0.665361 0.423933 0.003049 0.006190
-0.706258 0.422553 0.002749 0.006190
-0.747148 0.420974 0.003444 0.006190
-0.788016 0.418926 0.004503 0.006190
-0.828871 0.416607 0.004139 0.006190
-0.869698 0.413873 0.005913 0.006190
-0.910492 0.410653 0.005899 0.006190
-0.951265 0.407185 0.006395 0.006190
-0.991991 0.403213 0.007667 0.006190
-1.032686 0.398916 0.007201 0.006190
-1.073323 0.394137 0.009229 0.006190
-1.113899 0.388835 0.008966 0.006190
-1.154427 0.383183 0.010035 0.006190
-1.194876 0.376988 0.010726 0.006190
-1.235261 0.370391 0.011008 0.006190
-1.275547 0.363227 0.012490 0.006190
-1.315750 0.355597 0.012184 0.006190
-1.355832 0.347375 0.014251 0.006190
-1.395804 0.338612 0.013601 0.006190
-1.435629 0.329227 0.016003 0.006190
-1.475305 0.319212 0.015305 0.006190
-1.514804 0.308539 0.017730 0.006190
-1.554101 0.297127 0.017350 0.006190
-1.593183 0.285014 0.019405 0.006190
-1.631986 0.272025 0.019798 0.006190
-1.670528 0.258284 0.020969 0.006190
-1.708676 0.243493 0.022678 0.006190
-1.746439 0.227736 0.023125 0.006190
-1.783702 0.210846 0.025228 0.006190
-1.820252 0.192465 0.027145 0.006190
-1.856008 0.172584 0.028757 0.006190
-1.890731 0.150964 0.030932 0.006190
-1.923919 0.127078 0.033980 0.006190
-1.954683 0.100192 0.038302 0.006190
-1.981369 0.069358 0.044041 0.006190
-1.999977 0.033442 0.052874 0.006190
-2.002832 -0.006064 0.056322 0.006190
-1.985910 -0.041801 0.040620 0.006190
-1.955626 -0.068706 0.027485 0.006190
-1.919800 -0.088154 0.017964 0.006190
-1.881583 -0.102651 0.013130 0.006190
-1.842254 -0.113847 0.008685 0.006190
-1.802277 -0.122519 0.005768 0.006190
-1.761958 -0.129478 0.004112 0.006190
-1.721443 -0.135197 0.002664 0.006190
-1.680765 -0.139582 0.000029 0.006190
-1.639984 -0.142971 -0.000160 0.006190
-1.599150 -0.145585 -0.002005 0.006190
-1.558272 -0.147433 -0.002369 0.006190
-1.517372 -0.148692 -0.003527 0.006190
-1.476458 -0.149399 -0.003853 0.006190
-1.435540 -0.149610 -0.004841 0.006190
-1.394619 -0.149418 -0.004815 0.006190
-1.353704 -0.148809 -0.005935 0.006190
-1.312794 -0.147872 -0.005552 0.006190
-1.271894 -0.146614 -0.006674 0.006190
-1.231005 -0.145005 -0.006484 0.006190
-1.190123 -0.143228 -0.006791 0.006190
-1.149255 -0.141158 -0.007191 0.006190
-1.108395 -0.138935 -0.006891 0.006190
-1.067548 -0.136496 -0.007582 0.006190
-1.026715 -0.133816 -0.007427 0.006190
-0.985886 -0.131074 -0.007322 0.006190
-0.945071 -0.128138 -0.007752 0.006190
-0.904267 -0.125047 -0.007502 0.006190
-0.863467 -0.121899 -0.007494 0.006190
-0.822679 -0.118599 -0.007659 0.006190
-0.781899 -0.115206 -0.007414 0.006190
-0.741124 -0.111763 -0.007381 0.006190
-0.700358 -0.108208 -0.007406 0.006190
-0.659597 -0.104591 -0.007162 0.006190
-0.618840 -0.100943 -0.007049 0.006190
-0.578089 -0.097219 -0.006991 0.006190
-0.537341 -0.093452 -0.006745 0.006190
-0.496596 -0.089673 -0.006546 0.006190
-0.455854 -0.085852 -0.006416 0.006190
-0.415114 -0.082002 -0.006163 0.006190
-0.374375 -0.078152 -0.005910 0.006190
-0.333636 -0.074293 -0.005682 0.006190
-0.292898 -0.070425 -0.005418 0.006190
-0.252160 -0.066558 -0.005150 0.006190
-0.211421 -0.062709 -0.004801 0.006190
-0.170680 -0.058881 -0.004510 0.006190
-0.129938 -0.055056 -0.004227 0.006190
-0.089194 -0.051258 -0.003823 0.006190
-0.048445 -0.047511 -0.003439 0.006190
-0.007694 -0.043785 -0.003137 0.006190
0.033059 -0.040077 -0.002756 0.006190
0.073818 -0.036446 -0.002203 0.006190
0.114583 -0.032873 -0.001878 0.006190
0.155348 -0.029300 -0.001547 0.006190
0.196120 -0.025817 -0.000841 0.006190
0.236901 -0.022436 -0.000447 0.006190
0.277683 -0.019066 -0.000086 0.006190
0.318471 -0.015766 0.000561 0.006190
0.359269 -0.012590 0.001164 0.006190
0.400071 -0.009470 0.001559 0.006190
0.440875 -0.006384 0.002105 0.006190
0.481691 -0.003445 0.002968 0.006190
0.522514 -0.000619 0.003401 0.006190
0.563337 0.002207 0.003861 0.006190
0.604170 0.004874 0.004946 0.006190
0.645015 0.007375 0.005458 0.006190
0.685860 0.009867 0.005972 0.006190
0.726712 0.012225 0.007017 0.006190
0.767575 0.014397 0.007755 0.006190
0.808441 0.016518 0.008334 0.006190
0.849312 0.018524 0.009379 0.006190
0.890193 0.020329 0.010328 0.006190
0.931078 0.022045 0.010988 0.006190
0.971966 0.023652 0.012110 0.006190
1.012863 0.025043 0.013227 0.006190
1.053764 0.026326 0.013997 0.006190
1.094668 0.027482 0.015305 0.006190
1.135578 0.028409 0.016526 0.006190
1.176490 0.029234 0.017452 0.006190
1.217406 0.029882 0.019100 0.006190
1.258325 0.030290 0.020342 0.006190
1.299245 0.030620 0.021554 0.006190
1.340165 0.030702 0.023621 0.006190
1.381085 0.030552 0.024893 0.006190
1.422005 0.030261 0.026854 0.006190
1.462922 0.029715 0.028795 0.006190
1.503836 0.028999 0.030727 0.006190
1.544745 0.028025 0.033342 0.006190
1.585649 0.026829 0.035528 0.006190
1.626544 0.025373 0.038785 0.006190
1.667428 0.023641 0.041612 0.006190
1.708299 0.021649 0.045585 0.006190
1.749154 0.019327 0.049634 0.006190
1.789993 0.016747 0.054703 0.006190
1.830806 0.013786 0.061178 0.006190
1.871586 0.010409 0.069056 0.006190
1.912330 0.006616 0.080134 0.006190
1.951971 0.002412 0.092410 0.005870
